0.000000000000000000e+00
-0.000000000000000000e+00
-0.000000000000000000e+00
-0.000000000000000000e+00
-0.000000000000000000e+00
-0.000000000000000000e+00
-0.000000000000000000e+00
-0.000000000000000000e+00
-0.000000000000000000e+00
-0.000000000000000000e+00
-0.000000000000000000e+00
-0.000000000000000000e+00
-0.000000000000000000e+00
-0.000000000000000000e+00
-1.000000000000000021e-02
-1.000000000000000021e-02
-0.000000000000000000e+00
-0.000000000000000000e+00
-0.000000000000000000e+00
-0.000000000000000000e+00
-0.000000000000000000e+00
-0.000000000000000000e+00
-0.000000000000000000e+00
-0.000000000000000000e+00
-1.000000000000000021e-02
-1.000000000000000021e-02
-0.000000000000000000e+00
-0.000000000000000000e+00
-0.000000000000000000e+00
-0.000000000000000000e+00
-0.000000000000000000e+00
-0.000000000000000000e+00
-0.000000000000000000e+00
-0.000000000000000000e+00
-0.000000000000000000e+00
-0.000000000000000000e+00
-0.000000000000000000e+00
-0.000000000000000000e+00
-0.000000000000000000e+00
-0.000000000000000000e+00
-0.000000000000000000e+00
-0.000000000000000000e+00
-0.000000000000000000e+00
-0.000000000000000000e+00
-0.000000000000000000e+00
-0.000000000000000000e+00
-0.000000000000000000e+00
-0.000000000000000000e+00
-0.000000000000000000e+00
-1.000000000000000021e-02
-1.000000000000000021e-02
-1.000000000000000021e-02
-1.000000000000000021e-02
-1.000000000000000021e-02
-0.000000000000000000e+00
-0.000000000000000000e+00
-0.000000000000000000e+00
-0.000000000000000000e+00
-0.000000000000000000e+00
-0.000000000000000000e+00
-0.000000000000000000e+00
-0.000000000000000000e+00
-1.000000000000000021e-02
-0.000000000000000000e+00
-0.000000000000000000e+00
-0.000000000000000000e+00
-0.000000000000000000e+00
0.000000000000000000e+00
-0.000000000000000000e+00
-0.000000000000000000e+00
-0.000000000000000000e+00
-0.000000000000000000e+00
-0.000000000000000000e+00
-0.000000000000000000e+00
-0.000000000000000000e+00
0.000000000000000000e+00
0.000000000000000000e+00
-0.000000000000000000e+00
-0.000000000000000000e+00
-0.000000000000000000e+00
-0.000000000000000000e+00
-0.000000000000000000e+00
-0.000000000000000000e+00
-0.000000000000000000e+00
-0.000000000000000000e+00
0.000000000000000000e+00
0.000000000000000000e+00
0.000000000000000000e+00
0.000000000000000000e+00
-0.000000000000000000e+00
-0.000000000000000000e+00
0.000000000000000000e+00
0.000000000000000000e+00
0.000000000000000000e+00
0.000000000000000000e+00
0.000000000000000000e+00
0.000000000000000000e+00
0.000000000000000000e+00
0.000000000000000000e+00
0.000000000000000000e+00
0.000000000000000000e+00
0.000000000000000000e+00
0.000000000000000000e+00
0.000000000000000000e+00
0.000000000000000000e+00
0.000000000000000000e+00
0.000000000000000000e+00
0.000000000000000000e+00
0.000000000000000000e+00
0.000000000000000000e+00
0.000000000000000000e+00
0.000000000000000000e+00
0.000000000000000000e+00
0.000000000000000000e+00
0.000000000000000000e+00
0.000000000000000000e+00
0.000000000000000000e+00
0.000000000000000000e+00
0.000000000000000000e+00
0.000000000000000000e+00
0.000000000000000000e+00
1.000000000000000021e-02
1.000000000000000021e-02
1.000000000000000021e-02
1.000000000000000021e-02
1.000000000000000021e-02
1.000000000000000021e-02
1.000000000000000021e-02
1.000000000000000021e-02
1.000000000000000021e-02
1.000000000000000021e-02
1.000000000000000021e-02
1.000000000000000021e-02
1.000000000000000021e-02
1.000000000000000021e-02
1.000000000000000021e-02
1.000000000000000021e-02
1.000000000000000021e-02
1.000000000000000021e-02
1.000000000000000021e-02
1.000000000000000021e-02
1.000000000000000021e-02
1.000000000000000021e-02
2.000000000000000042e-02
2.000000000000000042e-02
2.000000000000000042e-02
2.000000000000000042e-02
2.000000000000000042e-02
2.000000000000000042e-02
2.000000000000000042e-02
2.000000000000000042e-02
2.000000000000000042e-02
2.000000000000000042e-02
2.000000000000000042e-02
2.000000000000000042e-02
2.000000000000000042e-02
2.999999999999999889e-02
2.999999999999999889e-02
2.999999999999999889e-02
2.999999999999999889e-02
2.999999999999999889e-02
2.999999999999999889e-02
2.999999999999999889e-02
2.999999999999999889e-02
4.000000000000000083e-02
4.000000000000000083e-02
4.000000000000000083e-02
4.000000000000000083e-02
5.000000000000000278e-02
5.000000000000000278e-02
5.000000000000000278e-02
5.000000000000000278e-02
5.000000000000000278e-02
5.999999999999999778e-02
5.999999999999999778e-02
5.999999999999999778e-02
5.999999999999999778e-02
5.999999999999999778e-02
7.000000000000000666e-02
7.000000000000000666e-02
7.000000000000000666e-02
8.000000000000000167e-02
8.000000000000000167e-02
8.000000000000000167e-02
8.999999999999999667e-02
8.999999999999999667e-02
8.999999999999999667e-02
8.999999999999999667e-02
8.999999999999999667e-02
8.999999999999999667e-02
1.000000000000000056e-01
1.000000000000000056e-01
1.000000000000000056e-01
1.000000000000000056e-01
1.000000000000000056e-01
1.000000000000000056e-01
1.100000000000000006e-01
1.100000000000000006e-01
1.100000000000000006e-01
1.100000000000000006e-01
1.100000000000000006e-01
1.100000000000000006e-01
1.100000000000000006e-01
1.100000000000000006e-01
1.100000000000000006e-01
1.100000000000000006e-01
1.199999999999999956e-01
1.199999999999999956e-01
1.199999999999999956e-01
1.199999999999999956e-01
1.199999999999999956e-01
1.199999999999999956e-01
1.300000000000000044e-01
1.300000000000000044e-01
1.300000000000000044e-01
1.300000000000000044e-01
1.300000000000000044e-01
1.400000000000000133e-01
1.400000000000000133e-01
1.400000000000000133e-01
1.400000000000000133e-01
1.400000000000000133e-01
1.400000000000000133e-01
1.499999999999999944e-01
1.499999999999999944e-01
1.499999999999999944e-01
1.499999999999999944e-01
1.600000000000000033e-01
1.600000000000000033e-01
1.600000000000000033e-01
1.600000000000000033e-01
1.600000000000000033e-01
1.700000000000000122e-01
1.700000000000000122e-01
1.700000000000000122e-01
1.700000000000000122e-01
1.700000000000000122e-01
1.700000000000000122e-01
1.799999999999999933e-01
1.799999999999999933e-01
1.799999999999999933e-01
1.799999999999999933e-01
1.799999999999999933e-01
1.799999999999999933e-01
1.900000000000000022e-01
1.900000000000000022e-01
1.900000000000000022e-01
1.900000000000000022e-01
2.000000000000000111e-01
2.000000000000000111e-01
2.099999999999999922e-01
2.099999999999999922e-01
2.200000000000000011e-01
2.200000000000000011e-01
2.300000000000000100e-01
2.399999999999999911e-01
2.500000000000000000e-01
2.600000000000000089e-01
2.700000000000000178e-01
2.800000000000000266e-01
2.899999999999999800e-01
2.999999999999999889e-01
3.200000000000000067e-01
3.300000000000000155e-01
3.400000000000000244e-01
3.499999999999999778e-01
3.599999999999999867e-01
3.699999999999999956e-01
3.800000000000000044e-01
3.900000000000000133e-01
4.000000000000000222e-01
4.099999999999999756e-01
4.199999999999999845e-01
4.199999999999999845e-01
4.299999999999999933e-01
4.400000000000000022e-01
4.400000000000000022e-01
4.500000000000000111e-01
4.500000000000000111e-01
4.600000000000000200e-01
4.600000000000000200e-01
4.699999999999999734e-01
4.799999999999999822e-01
4.899999999999999911e-01
5.000000000000000000e-01
5.100000000000000089e-01
5.200000000000000178e-01
5.300000000000000266e-01
5.400000000000000355e-01
5.600000000000000533e-01
5.799999999999999600e-01
5.999999999999999778e-01
6.300000000000000044e-01
6.500000000000000222e-01
6.800000000000000488e-01
6.999999999999999556e-01
7.299999999999999822e-01
7.500000000000000000e-01
7.800000000000000266e-01
8.000000000000000444e-01
8.299999999999999600e-01
8.499999999999999778e-01
8.800000000000000044e-01
9.000000000000000222e-01
9.200000000000000400e-01
9.399999999999999467e-01
9.499999999999999556e-01
9.599999999999999645e-01
9.599999999999999645e-01
9.699999999999999734e-01
9.699999999999999734e-01
9.799999999999999822e-01
9.899999999999999911e-01
1.010000000000000009e+00
1.020000000000000018e+00
1.050000000000000044e+00
1.070000000000000062e+00
1.100000000000000089e+00
1.129999999999999893e+00
1.149999999999999911e+00
1.179999999999999938e+00
1.209999999999999964e+00
1.239999999999999991e+00
1.260000000000000009e+00
1.290000000000000036e+00
1.310000000000000053e+00
1.330000000000000071e+00
1.350000000000000089e+00
1.379999999999999893e+00
1.399999999999999911e+00
1.429999999999999938e+00
1.459999999999999964e+00
1.500000000000000000e+00
1.530000000000000027e+00
1.570000000000000062e+00
1.620000000000000107e+00
1.669999999999999929e+00
1.719999999999999973e+00
1.790000000000000036e+00
1.879999999999999893e+00
1.969999999999999973e+00
2.069999999999999840e+00
2.169999999999999929e+00
2.290000000000000036e+00
2.410000000000000142e+00
2.540000000000000036e+00
2.689999999999999947e+00
2.850000000000000089e+00
3.020000000000000018e+00
3.209999999999999964e+00
3.419999999999999929e+00
3.649999999999999911e+00
3.890000000000000124e+00
4.139999999999999680e+00
4.410000000000000142e+00
4.700000000000000178e+00
5.000000000000000000e+00
5.339999999999999858e+00
5.709999999999999964e+00
6.120000000000000107e+00
6.559999999999999609e+00
7.049999999999999822e+00
7.570000000000000284e+00
8.130000000000000782e+00
8.730000000000000426e+00
9.359999999999999432e+00
1.002999999999999936e+01
1.072000000000000064e+01
1.143999999999999950e+01
1.218999999999999950e+01
1.298000000000000043e+01
1.381000000000000050e+01
1.467999999999999972e+01
1.563000000000000078e+01
1.662999999999999901e+01
1.769000000000000128e+01
1.876999999999999957e+01
1.987999999999999901e+01
2.103000000000000114e+01
2.230000000000000071e+01
2.376000000000000156e+01
2.542999999999999972e+01
2.732000000000000028e+01
2.946999999999999886e+01
3.189999999999999858e+01
3.465999999999999659e+01
3.784000000000000341e+01
4.152000000000000313e+01
4.557999999999999829e+01
4.947999999999999687e+01
5.234000000000000341e+01
5.350000000000000000e+01
5.304999999999999716e+01
5.178000000000000114e+01
5.047999999999999687e+01
4.922999999999999687e+01
4.756000000000000227e+01
4.502000000000000313e+01
4.167999999999999972e+01
3.797999999999999687e+01
3.439999999999999858e+01
3.119000000000000128e+01
2.841000000000000014e+01
2.601999999999999957e+01
2.392000000000000171e+01
2.207000000000000028e+01
2.042999999999999972e+01
1.898000000000000043e+01
1.769999999999999929e+01
1.653999999999999915e+01
1.546000000000000085e+01
1.443999999999999950e+01
1.346000000000000085e+01
1.252999999999999936e+01
1.165000000000000036e+01
1.083000000000000007e+01
1.007000000000000028e+01
9.369999999999999218e+00
8.740000000000000213e+00
8.160000000000000142e+00
7.639999999999999680e+00
7.160000000000000142e+00
6.719999999999999751e+00
6.290000000000000036e+00
5.889999999999999680e+00
5.519999999999999574e+00
5.179999999999999716e+00
4.860000000000000320e+00
4.570000000000000284e+00
4.309999999999999609e+00
4.059999999999999609e+00
3.819999999999999840e+00
3.600000000000000089e+00
3.390000000000000124e+00
3.189999999999999947e+00
3.009999999999999787e+00
2.839999999999999858e+00
2.680000000000000160e+00
2.540000000000000036e+00
2.399999999999999911e+00
2.270000000000000018e+00
2.140000000000000124e+00
2.029999999999999805e+00
1.919999999999999929e+00
1.830000000000000071e+00
1.739999999999999991e+00
1.649999999999999911e+00
1.580000000000000071e+00
1.500000000000000000e+00
1.429999999999999938e+00
1.370000000000000107e+00
1.310000000000000053e+00
1.260000000000000009e+00
1.219999999999999973e+00
1.169999999999999929e+00
1.120000000000000107e+00
1.080000000000000071e+00
1.040000000000000036e+00
1.010000000000000009e+00
9.699999999999999734e-01
9.499999999999999556e-01
9.300000000000000488e-01
9.100000000000000311e-01
8.900000000000000133e-01
8.699999999999999956e-01
8.599999999999999867e-01
8.599999999999999867e-01
8.499999999999999778e-01
8.399999999999999689e-01
8.299999999999999600e-01
8.299999999999999600e-01
8.199999999999999512e-01
8.100000000000000533e-01
8.100000000000000533e-01
8.000000000000000444e-01
7.900000000000000355e-01
7.900000000000000355e-01
7.800000000000000266e-01
7.700000000000000178e-01
7.700000000000000178e-01
7.600000000000000089e-01
7.500000000000000000e-01
7.399999999999999911e-01
7.299999999999999822e-01
7.199999999999999734e-01
7.199999999999999734e-01
7.099999999999999645e-01
6.999999999999999556e-01
6.899999999999999467e-01
6.800000000000000488e-01
6.700000000000000400e-01
6.700000000000000400e-01
6.700000000000000400e-01
6.600000000000000311e-01
6.600000000000000311e-01
6.600000000000000311e-01
6.600000000000000311e-01
6.600000000000000311e-01
6.600000000000000311e-01
6.600000000000000311e-01
6.600000000000000311e-01
6.600000000000000311e-01
6.500000000000000222e-01
6.500000000000000222e-01
6.500000000000000222e-01
6.400000000000000133e-01
6.400000000000000133e-01
6.300000000000000044e-01
6.199999999999999956e-01
6.199999999999999956e-01
6.099999999999999867e-01
5.999999999999999778e-01
5.899999999999999689e-01
5.899999999999999689e-01
5.699999999999999512e-01
5.600000000000000533e-01
5.500000000000000444e-01
5.400000000000000355e-01
5.400000000000000355e-01
5.300000000000000266e-01
5.200000000000000178e-01
5.100000000000000089e-01
5.100000000000000089e-01
5.000000000000000000e-01
4.899999999999999911e-01
4.899999999999999911e-01
4.899999999999999911e-01
4.799999999999999822e-01
4.799999999999999822e-01
4.699999999999999734e-01
4.699999999999999734e-01
4.600000000000000200e-01
4.600000000000000200e-01
4.500000000000000111e-01
4.500000000000000111e-01
4.500000000000000111e-01
4.400000000000000022e-01
4.400000000000000022e-01
4.299999999999999933e-01
4.299999999999999933e-01
4.199999999999999845e-01
4.199999999999999845e-01
4.199999999999999845e-01
4.199999999999999845e-01
4.099999999999999756e-01
4.099999999999999756e-01
4.000000000000000222e-01
3.900000000000000133e-01
3.800000000000000044e-01
3.800000000000000044e-01
3.699999999999999956e-01
3.599999999999999867e-01
3.599999999999999867e-01
3.499999999999999778e-01
3.400000000000000244e-01
3.300000000000000155e-01
3.300000000000000155e-01
3.200000000000000067e-01
3.200000000000000067e-01
3.099999999999999978e-01
3.099999999999999978e-01
2.999999999999999889e-01
2.999999999999999889e-01
2.899999999999999800e-01
2.899999999999999800e-01
2.800000000000000266e-01
2.700000000000000178e-01
2.700000000000000178e-01
2.600000000000000089e-01
2.500000000000000000e-01
2.399999999999999911e-01
2.399999999999999911e-01
2.300000000000000100e-01
2.200000000000000011e-01
2.099999999999999922e-01
2.000000000000000111e-01
2.000000000000000111e-01
1.900000000000000022e-01
1.799999999999999933e-01
1.799999999999999933e-01
1.700000000000000122e-01
1.700000000000000122e-01
1.600000000000000033e-01
1.600000000000000033e-01
1.499999999999999944e-01
1.499999999999999944e-01
1.499999999999999944e-01
1.400000000000000133e-01
1.400000000000000133e-01
1.400000000000000133e-01
1.400000000000000133e-01
1.400000000000000133e-01
1.300000000000000044e-01
1.300000000000000044e-01
1.300000000000000044e-01
1.199999999999999956e-01
1.199999999999999956e-01
1.199999999999999956e-01
1.199999999999999956e-01
1.199999999999999956e-01
1.199999999999999956e-01
1.199999999999999956e-01
1.199999999999999956e-01
1.100000000000000006e-01
1.100000000000000006e-01
1.100000000000000006e-01
1.100000000000000006e-01
1.100000000000000006e-01
1.100000000000000006e-01
1.000000000000000056e-01
1.000000000000000056e-01
1.000000000000000056e-01
1.000000000000000056e-01
8.999999999999999667e-02
8.999999999999999667e-02
8.999999999999999667e-02
8.999999999999999667e-02
8.999999999999999667e-02
8.999999999999999667e-02
8.000000000000000167e-02
8.000000000000000167e-02
8.000000000000000167e-02
7.000000000000000666e-02
7.000000000000000666e-02
7.000000000000000666e-02
7.000000000000000666e-02
5.999999999999999778e-02
5.999999999999999778e-02
5.999999999999999778e-02
5.999999999999999778e-02
5.000000000000000278e-02
5.000000000000000278e-02
5.000000000000000278e-02
5.000000000000000278e-02
5.000000000000000278e-02
4.000000000000000083e-02
4.000000000000000083e-02
4.000000000000000083e-02
4.000000000000000083e-02
4.000000000000000083e-02
4.000000000000000083e-02
2.999999999999999889e-02
2.999999999999999889e-02
2.999999999999999889e-02
2.999999999999999889e-02
2.999999999999999889e-02
2.999999999999999889e-02
2.999999999999999889e-02
2.999999999999999889e-02
2.000000000000000042e-02
2.000000000000000042e-02
2.000000000000000042e-02
2.000000000000000042e-02
2.000000000000000042e-02
2.000000000000000042e-02
2.000000000000000042e-02
1.000000000000000021e-02
1.000000000000000021e-02
1.000000000000000021e-02
1.000000000000000021e-02
1.000000000000000021e-02
1.000000000000000021e-02
1.000000000000000021e-02
1.000000000000000021e-02
1.000000000000000021e-02
1.000000000000000021e-02
1.000000000000000021e-02
0.000000000000000000e+00
1.000000000000000021e-02
1.000000000000000021e-02
1.000000000000000021e-02
1.000000000000000021e-02
1.000000000000000021e-02
1.000000000000000021e-02
1.000000000000000021e-02
1.000000000000000021e-02
1.000000000000000021e-02
1.000000000000000021e-02
1.000000000000000021e-02
1.000000000000000021e-02
1.000000000000000021e-02
1.000000000000000021e-02
1.000000000000000021e-02
1.000000000000000021e-02
0.000000000000000000e+00
0.000000000000000000e+00
0.000000000000000000e+00
0.000000000000000000e+00
0.000000000000000000e+00
0.000000000000000000e+00
0.000000000000000000e+00
0.000000000000000000e+00
1.000000000000000021e-02
1.000000000000000021e-02
0.000000000000000000e+00
0.000000000000000000e+00
1.000000000000000021e-02
1.000000000000000021e-02
1.000000000000000021e-02
1.000000000000000021e-02
0.000000000000000000e+00
0.000000000000000000e+00
1.000000000000000021e-02
0.000000000000000000e+00
0.000000000000000000e+00
0.000000000000000000e+00
0.000000000000000000e+00
0.000000000000000000e+00
0.000000000000000000e+00
0.000000000000000000e+00
0.000000000000000000e+00
0.000000000000000000e+00
0.000000000000000000e+00
0.000000000000000000e+00
0.000000000000000000e+00
0.000000000000000000e+00
0.000000000000000000e+00
0.000000000000000000e+00
0.000000000000000000e+00
0.000000000000000000e+00
0.000000000000000000e+00
0.000000000000000000e+00
-0.000000000000000000e+00
-0.000000000000000000e+00
-0.000000000000000000e+00
-0.000000000000000000e+00
-0.000000000000000000e+00
-0.000000000000000000e+00
-0.000000000000000000e+00
-0.000000000000000000e+00
-0.000000000000000000e+00
-0.000000000000000000e+00
-0.000000000000000000e+00
-0.000000000000000000e+00
-0.000000000000000000e+00
-0.000000000000000000e+00
-0.000000000000000000e+00
-1.000000000000000021e-02
-1.000000000000000021e-02
-1.000000000000000021e-02
-0.000000000000000000e+00
-1.000000000000000021e-02
-1.000000000000000021e-02
-1.000000000000000021e-02
-1.000000000000000021e-02
-1.000000000000000021e-02
-0.000000000000000000e+00
-1.000000000000000021e-02
-1.000000000000000021e-02
-1.000000000000000021e-02
-1.000000000000000021e-02
-1.000000000000000021e-02
-1.000000000000000021e-02
-1.000000000000000021e-02
-1.000000000000000021e-02
-1.000000000000000021e-02
-1.000000000000000021e-02
-1.000000000000000021e-02
-1.000000000000000021e-02
-1.000000000000000021e-02
-1.000000000000000021e-02
-1.000000000000000021e-02
-1.000000000000000021e-02
-1.000000000000000021e-02
-1.000000000000000021e-02
-1.000000000000000021e-02
-1.000000000000000021e-02
-1.000000000000000021e-02
-1.000000000000000021e-02
-1.000000000000000021e-02
-1.000000000000000021e-02
-1.000000000000000021e-02
-1.000000000000000021e-02
-1.000000000000000021e-02
-1.000000000000000021e-02
-1.000000000000000021e-02
-0.000000000000000000e+00
