-3.998299999999999841e+02
-3.988000000000000114e+02
-3.977699999999999818e+02
-3.967400000000000091e+02
-3.957099999999999795e+02
-3.946800000000000068e+02
-3.936499999999999773e+02
-3.926200000000000045e+02
-3.915899999999999750e+02
-3.905600000000000023e+02
-3.895299999999999727e+02
-3.884900000000000091e+02
-3.874599999999999795e+02
-3.864300000000000068e+02
-3.853999999999999773e+02
-3.843700000000000045e+02
-3.833399999999999750e+02
-3.823100000000000023e+02
-3.812799999999999727e+02
-3.802500000000000000e+02
-3.792200000000000273e+02
-3.781899999999999977e+02
-3.771600000000000250e+02
-3.761299999999999955e+02
-3.751000000000000227e+02
-3.740699999999999932e+02
-3.730400000000000205e+02
-3.720099999999999909e+02
-3.709800000000000182e+02
-3.699499999999999886e+02
-3.689200000000000159e+02
-3.678799999999999955e+02
-3.668500000000000227e+02
-3.658199999999999932e+02
-3.647900000000000205e+02
-3.637599999999999909e+02
-3.627300000000000182e+02
-3.616999999999999886e+02
-3.606700000000000159e+02
-3.596399999999999864e+02
-3.586100000000000136e+02
-3.575799999999999841e+02
-3.565500000000000114e+02
-3.555199999999999818e+02
-3.544900000000000091e+02
-3.534599999999999795e+02
-3.524300000000000068e+02
-3.513999999999999773e+02
-3.503700000000000045e+02
-3.493399999999999750e+02
-3.483100000000000023e+02
-3.472799999999999727e+02
-3.462400000000000091e+02
-3.452099999999999795e+02
-3.441800000000000068e+02
-3.431499999999999773e+02
-3.421200000000000045e+02
-3.410899999999999750e+02
-3.400600000000000023e+02
-3.390299999999999727e+02
-3.380000000000000000e+02
-3.369700000000000273e+02
-3.359399999999999977e+02
-3.349100000000000250e+02
-3.338799999999999955e+02
-3.328500000000000227e+02
-3.318199999999999932e+02
-3.307900000000000205e+02
-3.297599999999999909e+02
-3.287300000000000182e+02
-3.276999999999999886e+02
-3.266700000000000159e+02
-3.256299999999999955e+02
-3.246000000000000227e+02
-3.235699999999999932e+02
-3.225400000000000205e+02
-3.215099999999999909e+02
-3.204800000000000182e+02
-3.194499999999999886e+02
-3.184200000000000159e+02
-3.173899999999999864e+02
-3.163600000000000136e+02
-3.153299999999999841e+02
-3.143000000000000114e+02
-3.132699999999999818e+02
-3.122400000000000091e+02
-3.112099999999999795e+02
-3.101800000000000068e+02
-3.091499999999999773e+02
-3.081200000000000045e+02
-3.070899999999999750e+02
-3.060600000000000023e+02
-3.050299999999999727e+02
-3.039900000000000091e+02
-3.029599999999999795e+02
-3.019300000000000068e+02
-3.008999999999999773e+02
-2.998700000000000045e+02
-2.988399999999999750e+02
-2.978100000000000023e+02
-2.967799999999999727e+02
-2.957500000000000000e+02
-2.947200000000000273e+02
-2.936899999999999977e+02
-2.926600000000000250e+02
-2.916299999999999955e+02
-2.906000000000000227e+02
-2.895699999999999932e+02
-2.885400000000000205e+02
-2.875099999999999909e+02
-2.864800000000000182e+02
-2.854499999999999886e+02
-2.844200000000000159e+02
-2.833799999999999955e+02
-2.823500000000000227e+02
-2.813199999999999932e+02
-2.802900000000000205e+02
-2.792599999999999909e+02
-2.782300000000000182e+02
-2.771999999999999886e+02
-2.761700000000000159e+02
-2.751399999999999864e+02
-2.741100000000000136e+02
-2.730799999999999841e+02
-2.720500000000000114e+02
-2.710199999999999818e+02
-2.699900000000000091e+02
-2.689599999999999795e+02
-2.679300000000000068e+02
-2.668999999999999773e+02
-2.658700000000000045e+02
-2.648399999999999750e+02
-2.638100000000000023e+02
-2.627699999999999818e+02
-2.617400000000000091e+02
-2.607099999999999795e+02
-2.596800000000000068e+02
-2.586499999999999773e+02
-2.576200000000000045e+02
-2.565899999999999750e+02
-2.555600000000000023e+02
-2.545300000000000011e+02
-2.535000000000000000e+02
-2.524699999999999989e+02
-2.514399999999999977e+02
-2.504099999999999966e+02
-2.493799999999999955e+02
-2.483499999999999943e+02
-2.473199999999999932e+02
-2.462899999999999920e+02
-2.452599999999999909e+02
-2.442299999999999898e+02
-2.431999999999999886e+02
-2.421699999999999875e+02
-2.411299999999999955e+02
-2.400999999999999943e+02
-2.390699999999999932e+02
-2.380399999999999920e+02
-2.370099999999999909e+02
-2.359799999999999898e+02
-2.349499999999999886e+02
-2.339199999999999875e+02
-2.328899999999999864e+02
-2.318600000000000136e+02
-2.308300000000000125e+02
-2.298000000000000114e+02
-2.287700000000000102e+02
-2.277400000000000091e+02
-2.267100000000000080e+02
-2.256800000000000068e+02
-2.246500000000000057e+02
-2.236200000000000045e+02
-2.225900000000000034e+02
-2.215600000000000023e+02
-2.205200000000000102e+02
-2.194900000000000091e+02
-2.184600000000000080e+02
-2.174300000000000068e+02
-2.164000000000000057e+02
-2.153700000000000045e+02
-2.143400000000000034e+02
-2.133100000000000023e+02
-2.122800000000000011e+02
-2.112500000000000000e+02
-2.102199999999999989e+02
-2.091899999999999977e+02
-2.081599999999999966e+02
-2.071299999999999955e+02
-2.060999999999999943e+02
-2.050699999999999932e+02
-2.040399999999999920e+02
-2.030099999999999909e+02
-2.019799999999999898e+02
-2.009499999999999886e+02
-1.999199999999999875e+02
-1.988799999999999955e+02
-1.978499999999999943e+02
-1.968199999999999932e+02
-1.957899999999999920e+02
-1.947599999999999909e+02
-1.937299999999999898e+02
-1.926999999999999886e+02
-1.916699999999999875e+02
-1.906399999999999864e+02
-1.896100000000000136e+02
-1.885800000000000125e+02
-1.875500000000000114e+02
-1.865200000000000102e+02
-1.854900000000000091e+02
-1.844600000000000080e+02
-1.834300000000000068e+02
-1.824000000000000057e+02
-1.813700000000000045e+02
-1.803400000000000034e+02
-1.793100000000000023e+02
-1.782700000000000102e+02
-1.772400000000000091e+02
-1.762100000000000080e+02
-1.751800000000000068e+02
-1.741500000000000057e+02
-1.731200000000000045e+02
-1.720900000000000034e+02
-1.710600000000000023e+02
-1.700300000000000011e+02
-1.690000000000000000e+02
-1.679699999999999989e+02
-1.669399999999999977e+02
-1.659099999999999966e+02
-1.648799999999999955e+02
-1.638499999999999943e+02
-1.628199999999999932e+02
-1.617899999999999920e+02
-1.607599999999999909e+02
-1.597299999999999898e+02
-1.586999999999999886e+02
-1.576599999999999966e+02
-1.566299999999999955e+02
-1.555999999999999943e+02
-1.545699999999999932e+02
-1.535399999999999920e+02
-1.525099999999999909e+02
-1.514799999999999898e+02
-1.504499999999999886e+02
-1.494199999999999875e+02
-1.483899999999999864e+02
-1.473600000000000136e+02
-1.463300000000000125e+02
-1.453000000000000114e+02
-1.442700000000000102e+02
-1.432400000000000091e+02
-1.422100000000000080e+02
-1.411800000000000068e+02
-1.401500000000000057e+02
-1.391200000000000045e+02
-1.380900000000000034e+02
-1.370600000000000023e+02
-1.360200000000000102e+02
-1.349900000000000091e+02
-1.339600000000000080e+02
-1.329300000000000068e+02
-1.319000000000000057e+02
-1.308700000000000045e+02
-1.298400000000000034e+02
-1.288100000000000023e+02
-1.277800000000000011e+02
-1.267500000000000000e+02
-1.257199999999999989e+02
-1.246899999999999977e+02
-1.236599999999999966e+02
-1.226299999999999955e+02
-1.215999999999999943e+02
-1.205699999999999932e+02
-1.195400000000000063e+02
-1.185100000000000051e+02
-1.174800000000000040e+02
-1.164500000000000028e+02
-1.154099999999999966e+02
-1.143799999999999955e+02
-1.133499999999999943e+02
-1.123199999999999932e+02
-1.112900000000000063e+02
-1.102600000000000051e+02
-1.092300000000000040e+02
-1.082000000000000028e+02
-1.071700000000000017e+02
-1.061400000000000006e+02
-1.051099999999999994e+02
-1.040799999999999983e+02
-1.030499999999999972e+02
-1.020199999999999960e+02
-1.009899999999999949e+02
-9.995999999999999375e+01
-9.893000000000000682e+01
-9.790000000000000568e+01
-9.687000000000000455e+01
-9.584000000000000341e+01
-9.481000000000000227e+01
-9.376999999999999602e+01
-9.273999999999999488e+01
-9.170999999999999375e+01
-9.068000000000000682e+01
-8.965000000000000568e+01
-8.862000000000000455e+01
-8.759000000000000341e+01
-8.656000000000000227e+01
-8.553000000000000114e+01
-8.450000000000000000e+01
-8.346999999999999886e+01
-8.243999999999999773e+01
-8.140999999999999659e+01
-8.037999999999999545e+01
-7.934999999999999432e+01
-7.831999999999999318e+01
-7.729000000000000625e+01
-7.626000000000000512e+01
-7.523000000000000398e+01
-7.420000000000000284e+01
-7.315999999999999659e+01
-7.212999999999999545e+01
-7.109999999999999432e+01
-7.006999999999999318e+01
-6.904000000000000625e+01
-6.801000000000000512e+01
-6.698000000000000398e+01
-6.595000000000000284e+01
-6.492000000000000171e+01
-6.389000000000000057e+01
-6.285999999999999943e+01
-6.182999999999999829e+01
-6.079999999999999716e+01
-5.977000000000000313e+01
-5.874000000000000199e+01
-5.771000000000000085e+01
-5.667999999999999972e+01
-5.564999999999999858e+01
-5.461999999999999744e+01
-5.359000000000000341e+01
-5.254999999999999716e+01
-5.152000000000000313e+01
-5.049000000000000199e+01
-4.946000000000000085e+01
-4.842999999999999972e+01
-4.739999999999999858e+01
-4.636999999999999744e+01
-4.534000000000000341e+01
-4.431000000000000227e+01
-4.328000000000000114e+01
-4.225000000000000000e+01
-4.121999999999999886e+01
-4.018999999999999773e+01
-3.915999999999999659e+01
-3.813000000000000256e+01
-3.710000000000000142e+01
-3.607000000000000028e+01
-3.503999999999999915e+01
-3.400999999999999801e+01
-3.297999999999999687e+01
-3.194999999999999929e+01
-3.091000000000000014e+01
-2.987999999999999901e+01
-2.885000000000000142e+01
-2.782000000000000028e+01
-2.678999999999999915e+01
-2.576000000000000156e+01
-2.473000000000000043e+01
-2.369999999999999929e+01
-2.267000000000000171e+01
-2.164000000000000057e+01
-2.060999999999999943e+01
-1.957999999999999829e+01
-1.855000000000000071e+01
-1.751999999999999957e+01
-1.648999999999999844e+01
-1.546000000000000085e+01
-1.442999999999999972e+01
-1.340000000000000036e+01
-1.236999999999999922e+01
-1.133999999999999986e+01
-1.030000000000000071e+01
-9.269999999999999574e+00
-8.240000000000000213e+00
-7.209999999999999964e+00
-6.179999999999999716e+00
-5.150000000000000355e+00
-4.120000000000000107e+00
-3.089999999999999858e+00
-2.060000000000000053e+00
-1.030000000000000027e+00
0.000000000000000000e+00
1.030000000000000027e+00
2.060000000000000053e+00
3.089999999999999858e+00
4.120000000000000107e+00
5.150000000000000355e+00
6.179999999999999716e+00
7.209999999999999964e+00
8.240000000000000213e+00
9.269999999999999574e+00
1.030000000000000071e+01
1.133999999999999986e+01
1.236999999999999922e+01
1.340000000000000036e+01
1.442999999999999972e+01
1.546000000000000085e+01
1.648999999999999844e+01
1.751999999999999957e+01
1.855000000000000071e+01
1.957999999999999829e+01
2.060999999999999943e+01
2.164000000000000057e+01
2.267000000000000171e+01
2.369999999999999929e+01
2.473000000000000043e+01
2.576000000000000156e+01
2.678999999999999915e+01
2.782000000000000028e+01
2.885000000000000142e+01
2.987999999999999901e+01
3.091000000000000014e+01
3.194999999999999929e+01
3.297999999999999687e+01
3.400999999999999801e+01
3.503999999999999915e+01
3.607000000000000028e+01
3.710000000000000142e+01
3.813000000000000256e+01
3.915999999999999659e+01
4.018999999999999773e+01
4.121999999999999886e+01
4.225000000000000000e+01
4.328000000000000114e+01
4.431000000000000227e+01
4.534000000000000341e+01
4.636999999999999744e+01
4.739999999999999858e+01
4.842999999999999972e+01
4.946000000000000085e+01
5.049000000000000199e+01
5.152000000000000313e+01
5.254999999999999716e+01
5.359000000000000341e+01
5.461999999999999744e+01
5.564999999999999858e+01
5.667999999999999972e+01
5.771000000000000085e+01
5.874000000000000199e+01
5.977000000000000313e+01
6.079999999999999716e+01
6.182999999999999829e+01
6.285999999999999943e+01
6.389000000000000057e+01
6.492000000000000171e+01
6.595000000000000284e+01
6.698000000000000398e+01
6.801000000000000512e+01
6.904000000000000625e+01
7.006999999999999318e+01
7.109999999999999432e+01
7.212999999999999545e+01
7.315999999999999659e+01
7.420000000000000284e+01
7.523000000000000398e+01
7.626000000000000512e+01
7.729000000000000625e+01
7.831999999999999318e+01
7.934999999999999432e+01
8.037999999999999545e+01
8.140999999999999659e+01
8.243999999999999773e+01
8.346999999999999886e+01
8.450000000000000000e+01
8.553000000000000114e+01
8.656000000000000227e+01
8.759000000000000341e+01
8.862000000000000455e+01
8.965000000000000568e+01
9.068000000000000682e+01
9.170999999999999375e+01
9.273999999999999488e+01
9.376999999999999602e+01
9.481000000000000227e+01
9.584000000000000341e+01
9.687000000000000455e+01
9.790000000000000568e+01
9.893000000000000682e+01
9.995999999999999375e+01
1.009899999999999949e+02
1.020199999999999960e+02
1.030499999999999972e+02
1.040799999999999983e+02
1.051099999999999994e+02
1.061400000000000006e+02
1.071700000000000017e+02
1.082000000000000028e+02
1.092300000000000040e+02
1.102600000000000051e+02
1.112900000000000063e+02
1.123199999999999932e+02
1.133499999999999943e+02
1.143799999999999955e+02
1.154099999999999966e+02
1.164500000000000028e+02
1.174800000000000040e+02
1.185100000000000051e+02
1.195400000000000063e+02
1.205699999999999932e+02
1.215999999999999943e+02
1.226299999999999955e+02
1.236599999999999966e+02
1.246899999999999977e+02
1.257199999999999989e+02
1.267500000000000000e+02
1.277800000000000011e+02
1.288100000000000023e+02
1.298400000000000034e+02
1.308700000000000045e+02
1.319000000000000057e+02
1.329300000000000068e+02
1.339600000000000080e+02
1.349900000000000091e+02
1.360200000000000102e+02
1.370600000000000023e+02
1.380900000000000034e+02
1.391200000000000045e+02
1.401500000000000057e+02
1.411800000000000068e+02
1.422100000000000080e+02
1.432400000000000091e+02
1.442700000000000102e+02
1.453000000000000114e+02
1.463300000000000125e+02
1.473600000000000136e+02
1.483899999999999864e+02
1.494199999999999875e+02
1.504499999999999886e+02
1.514799999999999898e+02
1.525099999999999909e+02
1.535399999999999920e+02
1.545699999999999932e+02
1.555999999999999943e+02
1.566299999999999955e+02
1.576599999999999966e+02
1.586999999999999886e+02
1.597299999999999898e+02
1.607599999999999909e+02
1.617899999999999920e+02
1.628199999999999932e+02
1.638499999999999943e+02
1.648799999999999955e+02
1.659099999999999966e+02
1.669399999999999977e+02
1.679699999999999989e+02
1.690000000000000000e+02
1.700300000000000011e+02
1.710600000000000023e+02
1.720900000000000034e+02
1.731200000000000045e+02
1.741500000000000057e+02
1.751800000000000068e+02
1.762100000000000080e+02
1.772400000000000091e+02
1.782700000000000102e+02
1.793100000000000023e+02
1.803400000000000034e+02
1.813700000000000045e+02
1.824000000000000057e+02
1.834300000000000068e+02
1.844600000000000080e+02
1.854900000000000091e+02
1.865200000000000102e+02
1.875500000000000114e+02
1.885800000000000125e+02
1.896100000000000136e+02
1.906399999999999864e+02
1.916699999999999875e+02
1.926999999999999886e+02
1.937299999999999898e+02
1.947599999999999909e+02
1.957899999999999920e+02
1.968199999999999932e+02
1.978499999999999943e+02
1.988799999999999955e+02
1.999199999999999875e+02
2.009499999999999886e+02
2.019799999999999898e+02
2.030099999999999909e+02
2.040399999999999920e+02
2.050699999999999932e+02
2.060999999999999943e+02
2.071299999999999955e+02
2.081599999999999966e+02
2.091899999999999977e+02
2.102199999999999989e+02
2.112500000000000000e+02
2.122800000000000011e+02
2.133100000000000023e+02
2.143400000000000034e+02
2.153700000000000045e+02
2.164000000000000057e+02
2.174300000000000068e+02
2.184600000000000080e+02
2.194900000000000091e+02
2.205200000000000102e+02
2.215600000000000023e+02
2.225900000000000034e+02
2.236200000000000045e+02
2.246500000000000057e+02
2.256800000000000068e+02
2.267100000000000080e+02
2.277400000000000091e+02
2.287700000000000102e+02
2.298000000000000114e+02
2.308300000000000125e+02
2.318600000000000136e+02
2.328899999999999864e+02
2.339199999999999875e+02
2.349499999999999886e+02
2.359799999999999898e+02
2.370099999999999909e+02
2.380399999999999920e+02
2.390699999999999932e+02
2.400999999999999943e+02
2.411299999999999955e+02
2.421699999999999875e+02
2.431999999999999886e+02
2.442299999999999898e+02
2.452599999999999909e+02
2.462899999999999920e+02
2.473199999999999932e+02
2.483499999999999943e+02
2.493799999999999955e+02
2.504099999999999966e+02
2.514399999999999977e+02
2.524699999999999989e+02
2.535000000000000000e+02
2.545300000000000011e+02
2.555600000000000023e+02
2.565899999999999750e+02
2.576200000000000045e+02
2.586499999999999773e+02
2.596800000000000068e+02
2.607099999999999795e+02
2.617400000000000091e+02
2.627699999999999818e+02
2.638100000000000023e+02
2.648399999999999750e+02
2.658700000000000045e+02
2.668999999999999773e+02
2.679300000000000068e+02
2.689599999999999795e+02
2.699900000000000091e+02
2.710199999999999818e+02
2.720500000000000114e+02
2.730799999999999841e+02
2.741100000000000136e+02
2.751399999999999864e+02
2.761700000000000159e+02
2.771999999999999886e+02
2.782300000000000182e+02
2.792599999999999909e+02
2.802900000000000205e+02
2.813199999999999932e+02
2.823500000000000227e+02
2.833799999999999955e+02
2.844200000000000159e+02
2.854499999999999886e+02
2.864800000000000182e+02
2.875099999999999909e+02
2.885400000000000205e+02
2.895699999999999932e+02
2.906000000000000227e+02
2.916299999999999955e+02
2.926600000000000250e+02
2.936899999999999977e+02
2.947200000000000273e+02
2.957500000000000000e+02
2.967799999999999727e+02
2.978100000000000023e+02
2.988399999999999750e+02
2.998700000000000045e+02
3.008999999999999773e+02
3.019300000000000068e+02
3.029599999999999795e+02
3.039900000000000091e+02
3.050299999999999727e+02
3.060600000000000023e+02
3.070899999999999750e+02
3.081200000000000045e+02
3.091499999999999773e+02
3.101800000000000068e+02
3.112099999999999795e+02
3.122400000000000091e+02
3.132699999999999818e+02
3.143000000000000114e+02
3.153299999999999841e+02
3.163600000000000136e+02
3.173899999999999864e+02
3.184200000000000159e+02
3.194499999999999886e+02
3.204800000000000182e+02
3.215099999999999909e+02
3.225400000000000205e+02
3.235699999999999932e+02
3.246000000000000227e+02
3.256299999999999955e+02
3.266700000000000159e+02
3.276999999999999886e+02
3.287300000000000182e+02
3.297599999999999909e+02
3.307900000000000205e+02
3.318199999999999932e+02
3.328500000000000227e+02
3.338799999999999955e+02
3.349100000000000250e+02
3.359399999999999977e+02
3.369700000000000273e+02
3.380000000000000000e+02
3.390299999999999727e+02
3.400600000000000023e+02
3.410899999999999750e+02
3.421200000000000045e+02
3.431499999999999773e+02
3.441800000000000068e+02
3.452099999999999795e+02
3.462400000000000091e+02
3.472799999999999727e+02
3.483100000000000023e+02
3.493399999999999750e+02
3.503700000000000045e+02
3.513999999999999773e+02
3.524300000000000068e+02
3.534599999999999795e+02
3.544900000000000091e+02
3.555199999999999818e+02
3.565500000000000114e+02
3.575799999999999841e+02
3.586100000000000136e+02
3.596399999999999864e+02
3.606700000000000159e+02
3.616999999999999886e+02
3.627300000000000182e+02
3.637599999999999909e+02
3.647900000000000205e+02
3.658199999999999932e+02
3.668500000000000227e+02
3.678799999999999955e+02
3.689200000000000159e+02
3.699499999999999886e+02
3.709800000000000182e+02
3.720099999999999909e+02
3.730400000000000205e+02
3.740699999999999932e+02
3.751000000000000227e+02
3.761299999999999955e+02
3.771600000000000250e+02
3.781899999999999977e+02
3.792200000000000273e+02
3.802500000000000000e+02
3.812799999999999727e+02
3.823100000000000023e+02
3.833399999999999750e+02
3.843700000000000045e+02
3.853999999999999773e+02
3.864300000000000068e+02
3.874599999999999795e+02
3.884900000000000091e+02
3.895299999999999727e+02
3.905600000000000023e+02
3.915899999999999750e+02
3.926200000000000045e+02
3.936499999999999773e+02
3.946800000000000068e+02
3.957099999999999795e+02
3.967400000000000091e+02
3.977699999999999818e+02
3.988000000000000114e+02
3.998299999999999841e+02
